x=-1.54598701000214
y=-0.91812938451767
z=4.30315113067627
rx=352.054809570313
ry=53.2229118347168
rz=0.536266982555389
fov=55.6432800292969
near=0.01
far=1000
disableStandardAssets=False
frameSkip=0